params:
  max_depth: 20
  width: 4024
  height: 3036

calib:
  extrinsic:
    R:
      rows: 3
      cols: 3
      dt: d
      data: [-0.0117254, -0.999898, 0.00819567, -0.0173332, -0.00799176, -0.999818, 0.999781, -0.0118654, -0.0172377]
    T:
      rows: 3
      cols: 1
      dt: d
      data: [0.0513933, 0.0880809, 0.137568]
  intrinsic:
    cx: 1973.930688628363 #2005.04664860767
    cy: 1641.077482676097 #1607.24342386345
    fx: 4479.131275040303 #4628.00030763765
    fy: 4462.034355490826 #4643.90946043923
  distortion:
    rows: 5
    cols: 1
    dt: d
    data: [-0.061330657192582 , 0.040009397521447 ,0.003990969974340, -0.004935661228517,0]

cluster:
  eps: 0.40 # eps是DBSCAN算法的一个参数，它是一个浮点数，用来控制邻域的大小
  min_points: 10 # min_samples是DBSCAN算法的一个参数，它是一个整数，用来控制核心点的最小个数
  print_progress: False # 是否打印进度

filter:
  nb_neighbors: 20
  std_ratio: 2.0
  voxel_size: 0.035

field:
  Red:
    left_up: [8670,9285,420]
    left_down: [8670,9285,120]
    right_down: [8670,8885,120]
    right_up: [8670,8885,420]
  Blue:
    left_up: [19330,5715,420]
    left_down: [19330,5715,120]
    right_down: [19330,6115,120]
    right_up: [19330,6115,420]
  test:
    left_up: [0,0,125] # 22.5 12.5
    left_down: [0,0,0]
    right_down: [225,0,0]
    right_up: [225,0,125]
